INSERT INTO aa_etg_dev.oim_medium_term VALUES (
    26284224,
    426631706,
    6307763,
    5005657,
    5,
    14063818.910447000,
    243397,
    221945,
    5,
    539373.421957000,
    355143,
    328304,
    5,
    295071.205658000,
    675353,
    572250,
    5,
    689470,
    590828,
    5,
    38,
    38,
    2,
    217717,
    217366,
    5,
    1220685,
    902031,
    5,
    7236972.831901000,
    123619,
    123196,
    5,
    27745.770824000,
    540411,
    517641,
    5,
    309,
    309,
    2,
    1110,
    1106,
    3,
    21695,
    21693,
    5,
    18564,
    18536,
    5,
    55006,
    50235,
    5,
    1335480.53,
    DATE '2025-10-28'
);
